3 4 16
1 2 3 4 5 6 7 8 9 10 11 12 13 14 15 16
2 17 18 19 20 21 22 23 24 25 26 27 28 29 30 31
3 18 32 33 34 35 36 37 38 39 40 41 42 43 44 45
4 19 33 46 47 48 49 50 51 52 53 54 55 56 57 58
5 20 34 47 59 60 61 62 63 64 65 66 67 68 69 70
6 21 35 48 60 71 72 73 74 75 76 77 78 79 80 81
7 22 36 49 61 72 82 83 84 85 86 87 88 89 90 91
8 23 37 50 62 73 83 92 93 94 95 96 97 98 99 100
9 24 38 51 63 74 84 93 101 102 103 104 105 106 107 108
10 25 39 52 64 75 85 94 102 109 110 111 112 113 114 115
11 26 40 53 65 76 86 95 103 110 116 117 118 119 120 121
12 27 41 54 66 77 87 96 104 111 117 122 123 124 125 126
13 28 42 55 67 78 88 97 105 112 118 123 127 128 129 130
14 29 43 56 68 79 89 98 106 113 119 124 128 131 132 133
15 30 44 57 69 80 90 99 107 114 120 125 129 132 134 135
16 31 45 58 70 81 91 100 108 115 121 126 130 133 135 136
1 16 8
16 1 8 9
